,I,V,L,F,C,M,A,G,T,S,W,Y,P,H,E,Q,D,N,K,R
I,5.21,2.42,0.88,1.71,-1.59,1.13,0.95,0.48,-1.05,-3.20,0.65,1.44,-0.82,-1.54,-0.94,-0.62,-1.66,-3.14,-2.23,-2.14
V,2.42,9.46,1.33,0.49,-0.32,0.54,1.55,-2.12,-0.91,-1.80,-2.88,-1.05,-0.81,-1.32,-0.29,-0.58,-2.39,-3.69,0.66,-1.42
L,0.88,1.33,9.90,1.08,-0.42,2.17,2.41,-2.29,-3.40,-2.32,0.48,-0.77,-2.28,1.67,-0.77,-0.08,-3.49,-2.16,-2.10,0.19
F,1.71,0.49,1.05,6.11,0.55,0.89,0.52,-2.00,-1.10,-2.09,-0.11,1.14,0.83,-1.33,-1.79,0.42,-3.62,-0.96,-1.71,-1.33
C,-1.59,-32,-0.42,0.55,15.35,-1.35,-0.21,0.59,-1.52,1.53,-1.07,-1.16,0.28,0.95,-0.52,-1.47,-1.95,-2.23,-1.80,-0.84
M,1.13,0.54,2.17,0.89,-1.35,5.40,-0.28,0.44,-2.15,-1.50,-0.71,-0.33,-0.31,0.19,0.01,0.27,-3.38,-1.74,-0.72,-1.51
A,0.95,1.55,2.41,0.52,-0.21,-0.28,7.08,-2.04,-1.04,-0.61,-1.15,-1.22,-1.58,0.11,-0.53,-0.82,-1.06,0.17,-1.11,-2.74
G,0.48,-2.12,-2.29,-2.00,0.59,0.44,-2.04,5.65,1.67,-1.32,-0.82,0.27,-0.60,0.75,-2.24,1.68,0.70,-1.01,1.72,1.22
T,-1.05,-0.91,-3.40,-1.10,-1.52,-2.15,-1.04,1.67,4.42,1.23,0.59,-1.36,-0.04,-1.48,-0.06,-2.61,4.66,0.02,0.29,-0.74
S,-3.20,-1.80,-2.32,-2.09,1.53,-1.50,-0.61,-1.32,1.23,6.22,-1.10,-1.40,-0.79,-2.66,2.14,-0.08,4.57,0.95,0.11,-0.38
W,0.65,-2.88,0.48,-0.11,-1.07,-0.71,-1.15,-0.82,0.59,-1.10,1.08,-0.45,5.88,0.15,-2.84,-2.84,-1.98,-1.35,-0.27,4.08
Y,1.44,-1.05,-0.77,1.14,-1.16,-0.33,-1.22,0.27,-1.36,-1.40,-0.45,6.40,0.21,1.11,0.75,-2.73,-3.07,-0.45,0.87,-0.33
P,-0.82,-0.81,-2.28,0.83,0.28,-0.31,-1.58,-0.60,-0.04,-0.79,5.88,0.21,1.73,-1.13,0.66,0.82,-2.51,1.37,0.14,-0.40
H,-1.54,-1.32,1.67,-1.33,0.95,0.19,0.11,0.75,-1.48,-2.66,0.15,1.11,-1.13,5.03,-2.22,0.32,3.11,-1.46,-1.90,-0.06
E,-0.94,-0.29,-0.77,-1.79,-0.52,0.01,-0.53,-2.24,-0.06,2.14,-2.84,0.75,0.66,-2.22,2.59,-1.98,-4.29,0.07,3.52,3.45
Q,-0.62,-0.58,-0.08,0.42,-1.47,0.27,-0.82,1.68,-2.61,-0.08,-2.84,-2.73,0.82,0.32,-1.98,3.44,0.79,0.92,-0.67,0.24
D,-1.66,-2.39,-3.49,-3.62,-1.95,-3.38,-1.06,0.70,4.66,4.57,-1.98,-3.07,-2.51,3.11,-4.29,0.79,1.69,3.85,0.86,2.73
N,-3.14,-3.69,-2.16,-0.96,-2.23,-1.74,0.17,-1.01,0.02,0.95,-1.35,-0.45,1.37,-1.46,0.07,0.92,3.85,7.91,-0.63,-0.43
K,-2.23,0.66,-2.10,-1.71,-1.80,-0.72,-1.11,1.72,0.29,0.11,-0.27,0.87,0.14,-1.90,3.52,-0.67,0.86,-0.63,2.61,-3.54
R,-2.14,-1.42,0.19,-1.33,-0.84,-1.51,-2.74,1.22,-0.74,-0.38,4.08,-0.33,-0.40,-0.06,3.45,0.24,2.73,-0.43,-3.54,0.73